-2.51948e-03
-2.14669e-03
-1.08979e-03
-1.76523e-04
-2.04847e-04
-1.06270e-03
-1.65574e-03
-9.51364e-04
1.00712e-03
3.32279e-03
5.20166e-03
6.22500e-03
5.90079e-03
3.80516e-03
5.64387e-04
-1.88235e-03
-1.78348e-03
5.78202e-04
3.06003e-03
3.92803e-03
3.42765e-03
2.51115e-03
5.81486e-04
-3.93991e-03
-1.02527e-02
-1.40283e-02
-1.16005e-02
-4.99522e-03
-7.62305e-04
-3.15779e-03
-9.88033e-03
-1.51060e-02
-1.49674e-02
-8.92535e-03
1.80567e-03
1.37351e-02
1.98644e-02
1.40595e-02
-5.35207e-04
-1.07531e-02
-5.64541e-03
1.09166e-02
2.32501e-02
1.96135e-02
2.19833e-03
-1.82501e-02
-3.32336e-02
-3.94860e-02
-3.52624e-02
-2.00664e-02
8.19293e-04
1.67110e-02
2.07620e-02
1.72678e-02
1.63396e-02
2.18044e-02
2.71949e-02
2.39481e-02
1.15015e-02
-1.62207e-03
-6.08857e-03
-7.59289e-04
6.23493e-03
5.07931e-03
-7.16688e-03
-2.48862e-02
-3.89920e-02
-4.27540e-02
-3.45065e-02
-1.76060e-02
1.93593e-03
1.96889e-02
3.48769e-02
4.65792e-02
4.90396e-02
3.54283e-02
8.13770e-03
-1.87398e-02
-3.09864e-02
-2.64686e-02
-1.32901e-02
9.35671e-04
1.29260e-02
1.86649e-02
1.22508e-02
-5.95027e-03
-2.38559e-02
-2.65916e-02
-1.19447e-02
6.78116e-03
1.53384e-02
1.33606e-02
1.18000e-02
1.72609e-02
2.33174e-02
1.89688e-02
2.76813e-03
-1.46264e-02
-2.13055e-02
-1.47278e-02
-1.38316e-03
1.08186e-02
1.74397e-02
1.67125e-02
8.05974e-03
-6.41786e-03
-2.06223e-02
-2.78334e-02
-2.64469e-02
-2.06871e-02
-1.47587e-02
-8.24226e-03
1.03263e-03
1.12635e-02
1.69155e-02
1.52418e-02
1.04059e-02
9.19574e-03
1.31484e-02
1.70739e-02
1.61133e-02
1.19085e-02
9.27858e-03
8.17773e-03
2.92916e-03
-9.41919e-03
-2.30875e-02
-2.84440e-02
-2.15099e-02
-6.63348e-03
8.75023e-03
1.91967e-02
2.19737e-02
1.68493e-02
7.32838e-03
-1.37988e-04
-1.47145e-03
3.31323e-04
-1.73629e-03
-9.88438e-03
-1.76692e-02
-1.66192e-02
-5.65083e-03
7.83841e-03
1.56491e-02
1.56470e-02
1.11485e-02
6.20039e-03
3.23394e-03
3.44481e-03
6.38034e-03
9.27928e-03
9.21545e-03
6.02432e-03
1.41830e-03
-3.91551e-03
-9.69152e-03
-1.32197e-02
-1.08907e-02
-3.23449e-03
4.81218e-03
1.03176e-02
1.57799e-02
2.31941e-02
2.77314e-02
2.26307e-02
9.68175e-03
-1.16449e-03
-4.42601e-03
-5.78317e-03
-1.19908e-02
-1.82570e-02
-1.26543e-02
6.54636e-03
2.40166e-02
2.19039e-02
-5.45589e-04
-2.48798e-02
-3.09297e-02
-1.51717e-02
7.80118e-03
2.00731e-02
1.53799e-02
7.03396e-04
-1.32162e-02
-2.01367e-02
-1.89114e-02
-1.06816e-02
1.85800e-03
1.38085e-02
1.93920e-02
1.55929e-02
5.52323e-03
-1.77587e-03
2.47426e-03
1.73688e-02
2.97849e-02
2.55988e-02
4.90849e-03
-1.72250e-02
-2.71026e-02
-2.61293e-02
-2.50626e-02
-2.75961e-02
-2.58737e-02
-1.33265e-02
3.77774e-03
1.22068e-02
6.79757e-03
-5.08068e-03
-1.33419e-02
-1.43382e-02
-8.96046e-03
2.77811e-03
1.95000e-02
3.21128e-02
2.65735e-02
-2.02403e-03
-3.93194e-02
-6.03121e-02
-5.10829e-02
-2.13829e-02
5.79971e-03
1.62434e-02
1.39037e-02
9.92597e-03
8.70263e-03
8.84566e-03
1.24624e-02
2.37349e-02
3.74049e-02
3.85541e-02
2.07066e-02
-1.61985e-03
-7.38552e-03
5.47919e-03
1.74936e-02
1.18086e-02
-6.50546e-03
-1.90725e-02
-1.63238e-02
-5.02642e-03
3.50507e-03
5.48148e-03
3.36313e-03
-1.56985e-03
-1.00455e-02
-1.99664e-02
-2.59645e-02
-2.48458e-02
-1.83305e-02
-9.40875e-03
1.00246e-03
1.19464e-02
1.96580e-02
2.04743e-02
1.60614e-02
1.21854e-02
1.11862e-02
9.01880e-03
2.19988e-03
-5.42890e-03
-7.18761e-03
-3.39187e-03
-1.75189e-03
-7.24875e-03
-1.55641e-02
-1.84126e-02
-1.28832e-02
-3.28631e-03
5.12383e-03
1.17573e-02
1.88873e-02
2.53051e-02
2.47159e-02
1.31739e-02
-2.78839e-03
-9.93035e-03
-2.97822e-03
7.11512e-03
3.85481e-03
-1.60250e-02
-3.82102e-02
-4.62072e-02
-3.75279e-02
-2.21094e-02
-8.19139e-03
4.53522e-03
1.79259e-02
2.80212e-02
2.88967e-02
2.09781e-02
1.09414e-02
3.53175e-03
-2.91127e-03
-1.12068e-02
-1.81532e-02
-1.64428e-02
-4.55103e-03
8.49298e-03
1.12060e-02
1.83140e-03
-9.63022e-03
-1.16568e-02
-2.22562e-03
1.10642e-02
2.09237e-02
2.71543e-02
3.09863e-02
2.67643e-02
7.44574e-03
-2.09854e-02
-3.95041e-02
-3.57314e-02
-1.83587e-02
-6.36240e-03
-7.24231e-03
-1.17611e-02
-8.40055e-03
3.72362e-03
1.74857e-02
2.68970e-02
2.90923e-02
2.13853e-02
3.85821e-03
-1.46090e-02
-2.00318e-02
-7.91764e-03
9.20375e-03
1.41658e-02
4.04773e-03
-8.06502e-03
-9.90966e-03
-3.07923e-03
2.96829e-03
4.97360e-03
8.28443e-03
1.59707e-02
2.14985e-02
1.62318e-02
1.97140e-03
-8.93766e-03
-7.12030e-03
3.65830e-03
1.18762e-02
1.09182e-02
3.36016e-03
-4.62450e-03
-7.96408e-03
-2.92315e-03
1.03320e-02
2.30622e-02
2.22257e-02
4.79061e-03
-1.54648e-02
-2.09663e-02
-9.57115e-03
3.08532e-03
8.54670e-04
-1.58736e-02
-3.13535e-02
-3.12557e-02
-1.67583e-02
-2.00183e-03
1.09908e-03
-5.53275e-03
-9.24222e-03
-4.66696e-04
1.68951e-02
2.95547e-02
2.95016e-02
2.23852e-02
1.89199e-02
2.03571e-02
1.76616e-02
5.34911e-03
-9.56974e-03
-1.60901e-02
-1.32682e-02
-1.05065e-02
-1.41001e-02
-1.88851e-02
-1.61783e-02
-6.33627e-03
1.31113e-03
-2.06984e-04
-8.71894e-03
-1.71781e-02
-2.01296e-02
-1.52947e-02
-3.72129e-03
9.06606e-03
1.58317e-02
1.48680e-02
1.22937e-02
1.45360e-02
2.06903e-02
2.53627e-02
2.70193e-02
2.83042e-02
2.73531e-02
1.53590e-02
-1.09603e-02
-3.77615e-02
-4.42582e-02
-2.65590e-02
-3.58634e-03
4.80900e-03
-1.43898e-03
-9.43626e-03
-1.34149e-02
-1.72613e-02
-1.95591e-02
-9.27948e-03
1.78327e-02
4.67228e-02
5.57288e-02
3.97419e-02
1.41372e-02
-3.56142e-03
-9.81433e-03
-1.23178e-02
-1.70121e-02
-2.14685e-02
-1.96933e-02
-1.12873e-02
-4.36923e-03
-7.09558e-03
-1.58186e-02
-1.61885e-02
-3.50952e-04
2.03042e-02
2.67702e-02
1.65013e-02
7.43534e-03
1.43585e-02
2.90547e-02
3.17293e-02
1.78088e-02
3.61642e-03
4.80989e-03
1.74328e-02
2.46231e-02
1.73232e-02
2.68522e-03
-6.78779e-03
-6.87825e-03
-2.50508e-03
9.75792e-04
2.79477e-03
3.60224e-03
1.17447e-03
-8.39944e-03
-2.53805e-02
-4.27555e-02
-4.89482e-02
-3.64710e-02
-9.66440e-03
1.66870e-02
2.80105e-02
2.07148e-02
4.31722e-03
-5.75334e-03
1.07404e-03
2.32222e-02
4.77498e-02
5.88950e-02
4.88878e-02
2.32870e-02
-3.67743e-03
-2.01392e-02
-2.42338e-02
-2.23409e-02
-2.18527e-02
-2.59683e-02
-3.28723e-02
-3.73794e-02
-3.38593e-02
-1.99752e-02
5.41385e-04
1.84007e-02
2.35319e-02
1.23414e-02
-7.75997e-03
-2.19615e-02
-1.87585e-02
1.12559e-03
2.60367e-02
4.35754e-02
4.94148e-02
4.62517e-02
3.57301e-02
1.49803e-02
-1.60926e-02
-4.63196e-02
-5.82726e-02
-4.50727e-02
-1.91732e-02
-4.17190e-04
3.32123e-03
-6.22388e-04
-5.19280e-03
-1.52707e-02
-3.79355e-02
-6.39433e-02
-6.83112e-02
-3.54071e-02
1.96473e-02
6.15252e-02
6.80727e-02
4.86563e-02
2.77198e-02
1.64106e-02
6.72028e-03
-1.00697e-02
-2.91740e-02
-3.99730e-02
-4.16392e-02
-4.42600e-02
-5.43554e-02
-6.43817e-02
-6.10335e-02
-4.34668e-02
-2.79304e-02
-2.96355e-02
-4.23083e-02
-4.28800e-02
-1.87951e-02
1.56333e-02
3.60752e-02
3.78061e-02
3.98360e-02
5.79884e-02
8.18898e-02
8.55809e-02
5.88669e-02
2.15441e-02
3.39688e-03
1.24343e-02
2.75301e-02
2.38842e-02
9.11652e-04
-2.06141e-02
-2.61394e-02
-2.27461e-02
-2.46889e-02
-3.27554e-02
-3.62631e-02
-3.12108e-02
-2.60307e-02
-2.76229e-02
-2.98037e-02
-2.07222e-02
2.50394e-03
3.16322e-02
5.72619e-02
7.51898e-02
8.29735e-02
7.68404e-02
5.69203e-02
3.30193e-02
1.94001e-02
2.20564e-02
3.34940e-02
4.09908e-02
3.78774e-02
2.58997e-02
9.69767e-03
-7.38862e-03
-2.25244e-02
-3.20164e-02
-3.27253e-02
-2.39103e-02
-7.19685e-03
1.32911e-02
2.92360e-02
2.91573e-02
6.40954e-03
-3.13858e-02
-6.37154e-02
-7.22146e-02
-5.56472e-02
-2.95198e-02
-1.18506e-02
-1.03069e-02
-2.09425e-02
-3.49728e-02
-4.47171e-02
-4.52681e-02
-3.46226e-02
-1.46789e-02
8.80818e-03
2.97139e-02
4.56906e-02
5.78446e-02
6.66309e-02
6.98208e-02
6.45099e-02
4.95330e-02
2.64641e-02
9.48102e-04
-1.66094e-02
-1.55148e-02
5.53742e-03
3.23072e-02
4.19267e-02
2.05807e-02
-2.38632e-02
-6.78790e-02
-9.16369e-02
-9.24417e-02
-8.14323e-02
-7.16956e-02
-7.11721e-02
-8.19908e-02
-9.95806e-02
-1.12478e-01
-1.10706e-01
-9.83555e-02
-9.16510e-02
-9.78760e-02
-1.00049e-01
-7.13390e-02
-6.35048e-03
6.73051e-02
1.11724e-01
1.11742e-01
8.55940e-02
6.61265e-02
7.27135e-02
9.78853e-02
1.16954e-01
1.09893e-01
7.62276e-02
3.21708e-02
-3.49403e-03
-2.10518e-02
-2.32033e-02
-2.21021e-02
-3.14731e-02
-5.62245e-02
-8.78043e-02
-1.11461e-01
-1.18856e-01
-1.13079e-01
-1.02784e-01
-9.41187e-02
-8.80123e-02
-8.17529e-02
-7.12430e-02
-5.33126e-02
-2.76515e-02
3.53022e-03
3.77948e-02
7.36163e-02
1.09132e-01
1.41094e-01
1.66432e-01
1.84640e-01
1.97143e-01
2.03963e-01
2.02587e-01
1.90865e-01
1.69350e-01
1.39694e-01
1.02422e-01
5.82234e-02
1.09341e-02
-3.23554e-02
-6.46497e-02
-8.22823e-02
-8.57431e-02
-8.00832e-02
-7.65222e-02
-9.06092e-02
-1.31236e-01
-1.86721e-01
-2.25195e-01
-2.16576e-01
-1.58624e-01
-8.01659e-02
-1.57382e-02
2.36098e-02
5.31355e-02
8.86589e-02
1.22501e-01
1.30397e-01
1.02107e-01
5.87100e-02
3.47840e-02
4.59777e-02
7.81552e-02
1.05525e-01
1.12373e-01
9.70366e-02
6.41037e-02
2.06966e-02
-2.19063e-02
-5.05239e-02
-5.78507e-02
-4.85093e-02
-3.79905e-02
-4.36465e-02
-7.01505e-02
-9.95588e-02
-1.00561e-01
-5.64591e-02
1.34304e-02
6.51820e-02
6.77795e-02
2.95972e-02
-1.24764e-02
-2.72069e-02
-1.08980e-02
1.92063e-02
4.48155e-02
5.79909e-02
5.96072e-02
5.38777e-02
4.47390e-02
3.34526e-02
1.80597e-02
-3.19920e-03
-2.73333e-02
-4.66987e-02
-5.36346e-02
-4.39431e-02
-1.75404e-02
1.99039e-02
5.49210e-02
7.08244e-02
5.98021e-02
3.08160e-02
2.50221e-03
-1.34429e-02
-2.10203e-02
-3.05323e-02
-4.04212e-02
-3.24317e-02
9.20085e-03
7.32438e-02
1.23007e-01
1.27809e-01
9.08440e-02
4.26549e-02
9.96565e-03
-4.46104e-03
-1.30088e-02
-2.17150e-02
-2.28674e-02
-8.77380e-03
1.12840e-02
1.34616e-02
-1.71655e-02
-6.61688e-02
-9.77416e-02
-8.70343e-02
-4.41250e-02
-3.88005e-03
7.97731e-03
-1.74210e-03
-2.70362e-03
2.73461e-02
7.78313e-02
1.10783e-01
9.38808e-02
3.22724e-02
-3.17622e-02
-5.36760e-02
-2.46249e-02
2.31894e-02
4.79695e-02
3.44929e-02
3.03994e-04
-2.88047e-02
-4.29379e-02
-4.73477e-02
-4.63001e-02
-3.81690e-02
-2.78070e-02
-3.39253e-02
-7.35327e-02
-1.38191e-01
-1.93324e-01
-2.07478e-01
-1.82448e-01
-1.51417e-01
-1.45363e-01
-1.61592e-01
-1.66982e-01
-1.32235e-01
-6.02303e-02
2.02327e-02
8.26937e-02
1.18218e-01
1.27163e-01
1.10778e-01
7.83029e-02
5.22652e-02
5.25616e-02
7.42689e-02
8.99657e-02
7.71533e-02
3.86294e-02
-5.12809e-03
-3.65830e-02
-5.00447e-02
-4.71431e-02
-3.32686e-02
-1.83366e-02
-1.24743e-02
-1.60565e-02
-1.76321e-02
-6.79493e-03
1.12802e-02
1.81275e-02
5.81284e-04
-3.43526e-02
-6.40026e-02
-6.84981e-02
-4.58842e-02
-1.27873e-02
8.52708e-03
7.53979e-03
-6.02471e-03
-1.14980e-02
2.53386e-03
2.72865e-02
4.44293e-02
4.66775e-02
4.47157e-02
5.31931e-02
7.32687e-02
9.12683e-02
9.23044e-02
7.24286e-02
3.89622e-02
3.36317e-03
-2.38053e-02
-3.33452e-02
-1.92508e-02
1.46026e-02
5.04020e-02
6.49835e-02
4.75377e-02
9.70351e-03
-2.34999e-02
-3.46937e-02
-2.76390e-02
-2.04624e-02
-2.56143e-02
-3.72693e-02
-3.94522e-02
-2.55039e-02
-6.12114e-03
3.50188e-03
1.08328e-03
-2.68684e-03
-4.86569e-04
8.06889e-04
-1.14090e-02
-3.84837e-02
-6.51022e-02
-7.11381e-02
-4.88089e-02
-1.03986e-02
1.90822e-02
1.98492e-02
-6.29522e-03
-3.61010e-02
-4.56368e-02
-3.42308e-02
-2.55462e-02
-4.13567e-02
-7.52955e-02
-9.69257e-02
-8.31832e-02
-4.20048e-02
-1.39656e-03
2.17484e-02
3.54008e-02
5.51994e-02
8.20790e-02
1.03076e-01
1.09990e-01
1.08660e-01
1.07493e-01
1.02288e-01
7.91697e-02
3.46978e-02
-1.10124e-02
-2.79994e-02
-6.59934e-03
2.86708e-02
3.94319e-02
8.63554e-03
-4.51615e-02
-8.72923e-02
-9.81887e-02
-8.54491e-02
-6.91148e-02
-5.97830e-02
-5.24019e-02
-3.80537e-02
-1.67558e-02
2.87374e-03
1.30288e-02
1.22501e-02
3.66734e-03
-7.20624e-03
-1.22037e-02
-2.50037e-03
2.55509e-02
6.67216e-02
1.09583e-01
1.41979e-01
1.54368e-01
1.41465e-01
1.04494e-01
5.22962e-02
-1.73356e-03
-4.48351e-02
-6.78063e-02
-6.69351e-02
-4.83337e-02
-2.89705e-02
-2.50855e-02
-3.50266e-02
-3.84953e-02
-1.86348e-02
1.74773e-02
4.63302e-02
5.55208e-02
5.69401e-02
6.85168e-02
8.74306e-02
8.97415e-02
5.91415e-02
1.01656e-02
-2.39119e-02
-2.57008e-02
-1.06060e-02
-7.42205e-03
-2.66969e-02
-5.25952e-02
-6.40245e-02
-5.82375e-02
-5.12496e-02
-5.73794e-02
-7.14217e-02
-7.18482e-02
-4.14925e-02
1.43019e-02
6.92725e-02
9.63610e-02
8.79750e-02
5.81111e-02
2.61509e-02
5.90278e-04
-2.05233e-02
-3.66446e-02
-3.86829e-02
-1.86169e-02
1.83209e-02
5.47485e-02
7.34492e-02
6.70217e-02
3.84980e-02
-2.07552e-03
-4.04186e-02
-6.22431e-02
-6.10014e-02
-4.36721e-02
-2.61149e-02
-1.91594e-02
-1.93833e-02
-1.61305e-02
-6.85482e-03
-2.40804e-05
4.16200e-04
8.11945e-03
4.26692e-02
1.02269e-01
1.54895e-01
1.64789e-01
1.28686e-01
8.03543e-02
5.60077e-02
5.88087e-02
6.18718e-02
4.30026e-02
8.31707e-03
-2.00831e-02
-3.17566e-02
-3.63134e-02
-4.78026e-02
-6.99132e-02
-9.94255e-02
-1.36749e-01
-1.83638e-01
-2.29825e-01
-2.50410e-01
-2.24661e-01
-1.58150e-01
-8.19085e-02
-2.66161e-02
2.21863e-03
2.27014e-02
5.12355e-02
8.13291e-02
9.03098e-02
6.65834e-02
2.52531e-02
-6.62208e-03
-1.59873e-02
-9.38105e-03
3.55321e-03
2.13287e-02
4.17111e-02
5.06084e-02
3.09639e-02
-1.60208e-02
-6.52942e-02
-8.79514e-02
-7.54807e-02
-4.30768e-02
-1.21727e-02
7.14890e-03
1.89644e-02
3.24328e-02
5.12732e-02
6.89531e-02
7.30749e-02
5.75958e-02
3.21516e-02
1.56556e-02
1.73174e-02
2.60108e-02
2.20006e-02
-1.47619e-03
-3.08518e-02
-4.49915e-02
-3.16442e-02
7.91435e-03
6.42532e-02
1.24751e-01
1.74834e-01
2.00231e-01
1.92688e-01
1.55127e-01
1.01495e-01
5.05863e-02
1.65797e-02
1.63149e-03
-3.34592e-03
-9.08026e-03
-1.83926e-02
-2.69984e-02
-3.33827e-02
-4.51933e-02
-7.33781e-02
-1.19588e-01
-1.70174e-01
-2.03926e-01
-2.07831e-01
-1.87049e-01
-1.59541e-01
-1.40194e-01
-1.30010e-01
-1.19634e-01
-1.00176e-01
-6.86115e-02
-2.62572e-02
2.14408e-02
6.25197e-02
8.29041e-02
7.98157e-02
6.85907e-02
6.87983e-02
8.16651e-02
8.70530e-02
6.73364e-02
3.06578e-02
3.84727e-03
1.90807e-03
1.07789e-02
4.83034e-03
-2.12060e-02
-4.34560e-02
-3.36018e-02
1.06621e-02
6.19444e-02
8.86258e-02
8.29611e-02
6.49881e-02
5.94255e-02
6.90874e-02
7.32118e-02
5.29814e-02
1.41082e-02
-2.10049e-02
-4.04573e-02
-5.41356e-02
-7.67263e-02
-1.07188e-01
-1.30374e-01
-1.34513e-01
-1.19985e-01
-9.20060e-02
-5.33633e-02
-9.38362e-03
2.58602e-02
3.89780e-02
3.59538e-02
4.37476e-02
8.46426e-02
1.49243e-01
2.01728e-01
2.15234e-01
1.98076e-01
1.80102e-01
1.74609e-01
1.60635e-01
1.07958e-01
1.79046e-02
-6.73497e-02
-1.02025e-01
-8.35881e-02
-5.79079e-02
-7.43058e-02
-1.36548e-01
-1.99706e-01
-2.13106e-01
-1.64548e-01
-8.61314e-02
-2.28321e-02
3.50440e-03
4.72368e-03
8.42684e-03
3.24908e-02
7.38095e-02
1.14948e-01
1.37755e-01
1.33996e-01
1.09742e-01
8.15935e-02
6.46420e-02
6.00278e-02
5.42956e-02
3.32031e-02
-2.59331e-03
-3.62579e-02
-5.10131e-02
-4.85275e-02
-4.87549e-02
-6.76422e-02
-9.50955e-02
-1.00548e-01
-6.48160e-02
-3.72243e-03
4.56633e-02
6.19983e-02
5.69547e-02
5.44557e-02
6.01510e-02
5.75668e-02
3.02334e-02
-2.04738e-02
-7.90942e-02
-1.29572e-01
-1.61509e-01
-1.69096e-01
-1.51638e-01
-1.16531e-01
-7.79546e-02
-4.95094e-02
-3.71310e-02
-3.77066e-02
-4.20279e-02
-3.88046e-02
-1.98999e-02
1.33019e-02
4.79658e-02
6.78765e-02
6.61595e-02
4.90632e-02
2.67251e-02
3.53323e-03
-2.01101e-02
-4.03312e-02
-4.97718e-02
-4.54445e-02
-3.28302e-02
-2.01309e-02
-9.66983e-03
3.68560e-03
2.57771e-02
5.50749e-02
8.08405e-02
8.98339e-02
7.67615e-02
4.91803e-02
2.17521e-02
5.79559e-03
4.41767e-03
1.48393e-02
3.13970e-02
4.66644e-02
5.42581e-02
5.31954e-02
4.81941e-02
4.45080e-02
4.30894e-02
4.09641e-02
3.57650e-02
3.01574e-02
3.22567e-02
5.06833e-02
8.68077e-02
1.29621e-01
1.58773e-01
1.57357e-01
1.26558e-01
8.70932e-02
6.19556e-02
5.67158e-02
5.90276e-02
5.65056e-02
5.01829e-02
4.82285e-02
5.01611e-02
4.23122e-02
1.00899e-02
-4.74295e-02
-1.16373e-01
-1.79709e-01
-2.27850e-01
-2.58971e-01
-2.73101e-01
-2.68886e-01
-2.45179e-01
-2.03368e-01
-1.47799e-01
-8.51572e-02
-2.32316e-02
3.13034e-02
7.44129e-02
1.03825e-01
1.17961e-01
1.17743e-01
1.09179e-01
1.01777e-01
1.02693e-01
1.11963e-01
1.22392e-01
1.22663e-01
1.01648e-01
5.40112e-02
-1.45878e-02
-8.81295e-02
-1.49357e-01
-1.90300e-01
-2.13203e-01
-2.21249e-01
-2.11466e-01
-1.79179e-01
-1.27497e-01
-6.92849e-02
-2.01039e-02
9.14171e-03
1.41076e-02
-4.03620e-03
-3.82392e-02
-7.40466e-02
-9.14172e-02
-7.29664e-02
-1.53565e-02
6.45733e-02
1.35629e-01
1.68780e-01
1.54404e-01
1.07417e-01
5.51889e-02
1.78191e-02
-2.34059e-03
-1.44583e-02
-2.47540e-02
-2.82687e-02
-1.43672e-02
1.93333e-02
5.92122e-02
8.42902e-02
8.40362e-02
6.68054e-02
5.04318e-02
4.58508e-02
5.01564e-02
5.35752e-02
5.11915e-02
4.76084e-02
5.05786e-02
6.02869e-02
6.57818e-02
5.37962e-02
2.22499e-02
-1.54407e-02
-4.03380e-02
-4.28369e-02
-2.90192e-02
-1.42834e-02
-1.07213e-02
-1.81716e-02
-2.55660e-02
-2.18523e-02
-7.58994e-03
3.92061e-03
-1.57491e-03
-2.52439e-02
-5.29275e-02
-6.71943e-02
-6.14983e-02
-4.28985e-02
-2.29977e-02
-8.33973e-03
1.34759e-03
9.40245e-03
1.92757e-02
3.34996e-02
5.15011e-02
6.65898e-02
6.76075e-02
4.76811e-02
1.26774e-02
-2.10204e-02
-3.90631e-02
-3.94391e-02
-3.02006e-02
-1.88758e-02
-6.84319e-03
5.88261e-03
1.43804e-02
1.13227e-02
-4.97787e-03
-2.86822e-02
-5.35500e-02
-7.89670e-02
-1.06012e-01
-1.28205e-01
-1.30033e-01
-9.90541e-02
-4.13971e-02
1.68252e-02
4.75337e-02
4.26982e-02
1.89876e-02
1.08981e-03
1.12688e-03
1.31579e-02
2.41999e-02
2.77978e-02
2.75570e-02
3.04484e-02
3.85460e-02
4.64567e-02
4.50049e-02
2.74856e-02
-5.33005e-03
-4.43208e-02
-7.64958e-02
-9.21558e-02
-8.91773e-02
-7.16145e-02
-4.53534e-02
-1.50843e-02
1.61713e-02
4.63779e-02
7.39304e-02
9.73852e-02
1.15228e-01
1.25682e-01
1.26643e-01
1.15586e-01
8.96732e-02
4.76760e-02
-5.38234e-03
-5.50067e-02
-8.26393e-02
-7.92779e-02
-5.48806e-02
-3.20553e-02
-2.82397e-02
-4.25813e-02
-5.87709e-02
-5.98898e-02
-4.13365e-02
-1.18630e-02
1.47185e-02
2.80315e-02
2.53664e-02
1.24245e-02
1.19767e-04
-2.84512e-03
3.79466e-03
1.32841e-02
1.89840e-02
1.93027e-02
1.72098e-02
1.79650e-02
2.75211e-02
4.89524e-02
7.61576e-02
9.23632e-02
8.10084e-02
4.21856e-02
-3.38663e-03
-2.99440e-02
-2.69946e-02
-4.94894e-03
1.60426e-02
2.06408e-02
5.46633e-03
-2.13054e-02
-4.47036e-02
-5.13568e-02
-3.91959e-02
-2.09046e-02
-1.48319e-02
-2.84034e-02
-4.93803e-02
-5.53978e-02
-3.39951e-02
6.16360e-03
4.28106e-02
5.73031e-02
4.56900e-02
1.72515e-02
-1.41322e-02
-3.75400e-02
-4.76569e-02
-4.39552e-02
-2.95730e-02
-1.04863e-02
6.97728e-03
2.00163e-02
3.02852e-02
3.91071e-02
4.15923e-02
2.81338e-02
-5.08090e-03
-4.65418e-02
-7.32655e-02
-6.81364e-02
-3.55266e-02
1.34423e-03
2.09891e-02
2.24352e-02
2.25939e-02
3.51713e-02
5.44924e-02
6.17055e-02
4.57194e-02
1.58963e-02
-6.32976e-03
-6.97586e-03
1.02695e-02
3.12614e-02
4.45188e-02
4.56771e-02
3.36486e-02
9.02644e-03
-2.24349e-02
-4.94067e-02
-6.25654e-02
-6.29820e-02
-6.09835e-02
-6.56709e-02
-7.60098e-02
-8.23747e-02
-7.62351e-02
-5.82585e-02
-3.73304e-02
-2.16785e-02
-1.15115e-02
-1.42625e-03
1.11056e-02
2.28869e-02
3.08882e-02
3.68121e-02
4.27602e-02
4.48763e-02
3.60753e-02
1.60024e-02
-5.42859e-03
-1.72195e-02
-1.79602e-02
-1.43904e-02
-1.14639e-02
-8.85605e-03
-7.26647e-03
-1.18409e-02
-2.48632e-02
-3.81603e-02
-3.87895e-02
-2.32648e-02
-2.10189e-03
1.16162e-02
1.48426e-02
1.33467e-02
1.18978e-02
1.13353e-02
1.41664e-02
2.56614e-02
4.55356e-02
6.29134e-02
6.53723e-02
5.26511e-02
3.71133e-02
2.98117e-02
2.97304e-02
2.82893e-02
2.02332e-02
5.83833e-03
-1.48500e-02
-4.27341e-02
-7.22243e-02
-8.84085e-02
-7.78406e-02
-4.28765e-02
-2.48015e-03
2.24667e-02
2.42015e-02
9.78281e-03
-8.57550e-03
-2.23189e-02
-2.72399e-02
-2.02166e-02
2.64858e-04
2.93857e-02
5.42273e-02
6.01684e-02
4.17049e-02
8.18149e-03
-2.15305e-02
-3.19515e-02
-2.16877e-02
-3.86540e-03
4.35414e-03
-4.19615e-03
-2.08099e-02
-2.98817e-02
-2.51743e-02
-1.63638e-02
-1.82288e-02
-3.41587e-02
-5.16928e-02
-5.41803e-02
-3.61847e-02
-7.79444e-03
1.52923e-02
2.58361e-02
3.03890e-02
4.15525e-02
6.41833e-02
8.79626e-02
9.42265e-02
7.26382e-02
3.27666e-02
-1.74985e-03
-1.29357e-02
-4.10805e-03
4.19582e-03
-5.47718e-03
-3.15387e-02
-5.77864e-02
-7.13052e-02
-7.24561e-02
-6.76141e-02
-5.75936e-02
-3.78967e-02
-8.83608e-03
1.99180e-02
3.76111e-02
4.34374e-02
4.66302e-02
5.52856e-02
6.65227e-02
6.85552e-02
5.24671e-02
2.22855e-02
-5.95798e-03
-1.60034e-02
-5.01803e-03
1.25070e-02
1.59927e-02
-2.95394e-03
-3.24641e-02
-5.17052e-02
-5.06246e-02
-3.75398e-02
-2.74120e-02
-2.51518e-02
-2.24419e-02
-9.34766e-03
1.43415e-02
3.98088e-02
5.83027e-02
6.73400e-02
6.91449e-02
6.62535e-02
6.05383e-02
5.49791e-02
5.29130e-02
5.40105e-02
5.27866e-02
4.32689e-02
2.49365e-02
2.83259e-03
-1.76821e-02
-3.45647e-02
-4.73677e-02
-5.40420e-02
-5.17794e-02
-4.13887e-02
-2.90544e-02
-2.15567e-02
-1.91276e-02
-1.42448e-02
9.96683e-04
2.57693e-02
4.89767e-02
5.73011e-02
4.55906e-02
2.05801e-02
-4.32899e-03
-1.79136e-02
-1.69954e-02
-6.85781e-03
2.65743e-03
3.24917e-03
-6.66407e-03
-2.15604e-02
-3.39754e-02
-4.03876e-02
-4.22101e-02
-4.20906e-02
-4.06292e-02
-3.67797e-02
-3.02267e-02
-2.23995e-02
-1.53360e-02
-1.04875e-02
-9.20232e-03
-1.34896e-02
-2.43485e-02
-3.83282e-02
-4.68211e-02
-4.10070e-02
-1.94657e-02
8.40230e-03
2.76130e-02
2.84902e-02
1.42370e-02
-1.47018e-03
-4.67957e-03
9.05049e-03
3.19674e-02
5.00344e-02
5.36186e-02
4.47889e-02
3.42216e-02
3.03498e-02
3.22782e-02
3.36619e-02
3.13186e-02
2.73604e-02
2.35458e-02
1.71626e-02
4.51604e-03
-1.33941e-02
-3.13035e-02
-4.53038e-02
-5.54209e-02
-6.20348e-02
-6.27102e-02
-5.56121e-02
-4.51966e-02
-4.06549e-02
-4.63737e-02
-5.51717e-02
-5.34235e-02
-3.37809e-02
-2.39298e-03
2.65463e-02
4.28587e-02
4.69250e-02
4.50973e-02
4.02231e-02
2.88882e-02
9.27883e-03
-1.05240e-02
-1.70721e-02
-6.67242e-03
7.42500e-03
7.77583e-03
-7.21072e-03
-1.99953e-02
-1.28448e-02
1.21409e-02
3.44746e-02
3.60514e-02
1.85105e-02
9.22829e-05
-2.79715e-03
9.88241e-03
2.38492e-02
2.46653e-02
9.87596e-03
-1.02871e-02
-2.18171e-02
-1.69280e-02
1.94192e-03
2.51370e-02
4.19297e-02
4.56396e-02
3.61643e-02
1.97934e-02
6.00518e-03
1.99634e-03
8.08402e-03
1.75877e-02
2.16699e-02
1.54560e-02
7.26257e-04
-1.63324e-02
-2.97969e-02
-3.74951e-02
-4.13816e-02
-4.49614e-02
-4.95911e-02
-5.27302e-02
-5.03375e-02
-4.15184e-02
-3.01220e-02
-2.09101e-02
-1.51420e-02
-1.17350e-02
-1.19338e-02
-1.91885e-02
-3.25429e-02
-4.27661e-02
-3.87659e-02
-1.84695e-02
8.20050e-03
2.76122e-02
3.31952e-02
2.90231e-02
2.50119e-02
2.91367e-02
4.19315e-02
5.57721e-02
5.97867e-02
4.85928e-02
2.81061e-02
1.11620e-02
5.32988e-03
5.68095e-03
1.03907e-03
-1.35444e-02
-3.21660e-02
-4.47426e-02
-4.58775e-02
-3.76030e-02
-2.63534e-02
-1.82742e-02
-1.53643e-02
-1.44426e-02
-1.06836e-02
-3.36228e-03
2.51966e-03
1.63131e-03
-4.82781e-03
-9.13492e-03
-4.79582e-03
6.23509e-03
1.49450e-02
1.39547e-02
4.48453e-03
-5.21767e-03
-7.91456e-03
-3.83423e-03
3.73987e-04
-1.36937e-03
-8.88278e-03
-1.69486e-02
-2.15376e-02
-2.38165e-02
-2.76651e-02
-3.40608e-02
-3.91556e-02
-3.84374e-02
-3.22386e-02
-2.62181e-02
-2.61237e-02
-3.22639e-02
-3.86949e-02
-3.71971e-02
-2.31272e-02
1.08713e-04
2.15577e-02
2.98648e-02
2.24092e-02
7.73978e-03
-1.89154e-03
-9.76591e-04
5.80475e-03
9.78288e-03
7.21252e-03
2.01644e-03
4.96452e-04
4.29867e-03
8.93256e-03
8.90901e-03
3.90624e-03
-5.29317e-04
1.21142e-03
8.32109e-03
1.36559e-02
1.10077e-02
1.89850e-03
-5.86905e-03
-6.37267e-03
-1.17716e-03
3.36878e-03
2.96485e-03
-1.50894e-03
-6.39077e-03
-8.44404e-03
-5.16690e-03
5.73308e-03
2.39839e-02
4.31439e-02
5.19542e-02
4.24061e-02
1.71843e-02
-1.18225e-02
-3.25548e-02
-4.01278e-02
-3.70396e-02
-2.93437e-02
-2.34333e-02
-2.35700e-02
-2.91013e-02
-3.37650e-02
-2.98566e-02
-1.47061e-02
6.79852e-03
2.60875e-02
3.70539e-02
3.91052e-02
3.59353e-02
3.22913e-02
3.10737e-02
3.20341e-02
3.25474e-02
2.97344e-02
2.22230e-02
1.07217e-02
-1.84016e-03
-1.04850e-02
-1.04213e-02
-1.56189e-03
9.17915e-03
1.26964e-02
6.67095e-03
-1.31081e-03
-1.46932e-03
7.74782e-03
1.86678e-02
2.34104e-02
2.14572e-02
1.75843e-02
1.49019e-02
1.24639e-02
8.81089e-03
4.79817e-03
1.71905e-03
-1.43681e-03
-6.56934e-03
-1.25601e-02
-1.50129e-02
-1.12840e-02
-4.75938e-03
-2.20200e-03
-6.49895e-03
-1.33833e-02
-1.60529e-02
-1.19952e-02
-4.37244e-03
2.30046e-03
6.31683e-03
8.86545e-03
1.14372e-02
1.38355e-02
1.44006e-02
1.19733e-02
7.83341e-03
5.50584e-03
7.89506e-03
1.42588e-02
2.04907e-02
2.27449e-02
2.04432e-02
1.56592e-02
1.04337e-02
5.44182e-03
8.24994e-04
-2.77155e-03
-4.62207e-03
-5.25386e-03
-6.65463e-03
-1.02848e-02
-1.47198e-02
-1.60919e-02
-1.16504e-02
-2.75343e-03
6.10107e-03
1.11702e-02
1.23270e-02
1.25297e-02
1.48955e-02
1.98980e-02
2.45536e-02
2.41574e-02
1.58056e-02
1.38062e-03
-1.28899e-02
-2.06964e-02
-2.01422e-02
-1.43924e-02
-8.50920e-03
-6.00207e-03
-7.69043e-03
-1.24806e-02
-1.83993e-02
-2.31760e-02
-2.48127e-02
-2.24101e-02
-1.66266e-02
-9.15992e-03
-1.73797e-03
4.35421e-03
8.11025e-03
8.96589e-03
7.66798e-03
6.58738e-03
8.21199e-03
1.29206e-02
1.86534e-02
2.30661e-02
2.56159e-02
2.71010e-02
2.74106e-02
2.45108e-02
1.62800e-02
3.37677e-03
-1.00707e-02
-1.88650e-02
-2.00895e-02
-1.48369e-02
-7.38243e-03
-2.43151e-03
-2.24074e-03
-5.79489e-03
-1.05289e-02
-1.45614e-02
-1.72598e-02
-1.83087e-02
-1.71284e-02
-1.36546e-02
-9.36841e-03
-6.69167e-03
-6.74568e-03
-7.91816e-03
-7.23113e-03
-3.34919e-03
1.90657e-03
5.16695e-03
4.71499e-03
2.26709e-03
1.75825e-03
6.17911e-03
1.49443e-02
2.38297e-02
2.78175e-02
2.50185e-02
1.84678e-02
1.36982e-02
1.36549e-02
1.57334e-02
1.44478e-02
7.49643e-03
-1.12748e-03
-4.42635e-03
1.32658e-03
1.34908e-02
2.54109e-02
3.12075e-02
2.87783e-02
1.96428e-02
7.31035e-03
-3.99585e-03
-1.03371e-02
-9.63211e-03
-3.20708e-03
4.53918e-03
9.02211e-03
8.87003e-03
6.66323e-03
6.00417e-03
7.55239e-03
7.99985e-03
3.32531e-03
-6.59449e-03
-1.66863e-02
-2.04641e-02
-1.55092e-02
-5.36188e-03
3.68554e-03
7.36140e-03
5.54318e-03
9.60938e-04
-3.28308e-03
-5.03338e-03
-2.86670e-03
4.12797e-03
1.53233e-02
2.74207e-02
3.55580e-02
3.66394e-02
3.16789e-02
2.45369e-02
1.84555e-02
1.40654e-02
1.02482e-02
5.91723e-03
7.47149e-04
-4.94654e-03
-1.03489e-02
-1.45094e-02
-1.71526e-02
-1.90690e-02
-2.13443e-02
-2.41748e-02
-2.65387e-02
-2.68974e-02
-2.42215e-02
-1.88109e-02
-1.25100e-02
-7.75181e-03
-5.65493e-03
-4.85080e-03
-2.56471e-03
2.83655e-03
1.04257e-02
1.78975e-02
2.38909e-02
2.86723e-02
3.24273e-02
3.35477e-02
2.96189e-02
2.05022e-02
9.81839e-03
2.36938e-03
-2.71673e-04
-1.14067e-03
-4.41804e-03
-1.07844e-02
-1.67041e-02
-1.84285e-02
-1.63306e-02
-1.47803e-02
-1.75956e-02
-2.39755e-02
-2.92418e-02
-2.92847e-02
-2.38270e-02
-1.57310e-02
-8.13858e-03
-2.61690e-03
7.28362e-04
2.31065e-03
2.47480e-03
1.53192e-03
6.92804e-05
-9.78136e-04
-7.91047e-04
6.24250e-04
2.24581e-03
2.80177e-03
1.90487e-03
4.17821e-04
-3.51644e-04
2.17209e-04
1.71731e-03
3.32703e-03
4.55877e-03
5.39326e-03
5.89340e-03
5.93115e-03
5.35755e-03
4.30299e-03
3.13352e-03
2.06499e-03
9.25082e-04
-5.59325e-04
-2.21045e-03
-3.29770e-03
-3.20839e-03
-2.24140e-03
-1.51642e-03
-1.92011e-03
-3.20194e-03
-4.23569e-03
-4.14455e-03
-3.07706e-03
-1.91958e-03
-1.39152e-03
-1.48342e-03
-1.68245e-03
-1.58175e-03
-1.19059e-03
-7.41153e-04
-3.67314e-04
-4.82232e-05
2.23184e-04
3.50657e-04
2.47229e-04
-2.67200e-05
-2.94273e-04
-4.21491e-04
-4.16237e-04
-3.76675e-04
-3.77087e-04
-4.16179e-04
-4.52281e-04
-4.59530e-04
-4.45364e-04
-4.29816e-04
-4.22344e-04
-4.19101e-04
-4.14189e-04
-4.07369e-04
-4.01896e-04
-3.99406e-04
-3.98915e-04
